47 85
62 29
24 79
56 21
63 43
16 85
74 16
54 43
81 40
10 27
61 48
32 27
5 1
25 58
8 63
28 21
6 22
25 79
94 46
53 50
71 99
99 28
94 33
65 91
39 50
17 79
32 30
41 29
10 18
32 33
85 20
76 91
6 73
65 75
95 20
12 91
67 27
92 65
58 72
31 49
7 58
20 46
41 55
75 79
7 59
74 57
47 42
26 55
16 87
26 79
66 67
60 51
47 32
71 59
100 100
40 45
1 52
87 20
65 88
42 77
52 50
66 14
78 10
33 46
28 88
62 50
89 8
49 92
26 26
57 41
18 10
9 87
85 61
95 29
15 45
11 7
84 88
32 49
61 60
10 46
50 7
7 80
42 26
99 53
6 96
50 9
49 50
81 31
79 16
99 98
45 69
13 33
68 48
12 40
18 51
99 88
9 13
72 60
77 91
87 59
41 2
56 22
65 27
64 86
86 62
100 49
37 92
9 71
17 12
87 1
39 72
3 21
91 53
14 16
84 31
88 48
72 13
33 76
9 69
59 6
68 79
8 40
16 40
50 85
33 100
84 6
21 95
22 7
94 80
32 67
86 67
67 41
95 37
80 63
95 33
93 28
35 90
49 93
74 58
52 19
68 41
43 1
92 55
81 23
43 86
6 37
42 7
22 10
90 90
74 75
37 63
26 41
20 60
23 62
39 21
59 70
32 71
45 56
20 40
35 34
78 38
92 47
85 18
43 71
24 94
69 4
20 26
